20,166
20,144
20,168
20,162
20,148
20,141
20,117
20,109
20,155
20,106
25,151
25,149
25,131
25,135
25,163
25,101
25,156
25,122
25,99
25,130
30,129
30,123
30,116
30,111
30,159
30,147
30,124
30,113
30,116
30,113
35,156
35,116
35,126
35,156
35,130
35,150
35,114
35,95
35,100
35,143
40,132
40,107
40,137
40,96
40,98
40,104
40,139
40,129
40,148
40,143
45,100
45,109
45,106
45,129
45,132
45,120
45,107
45,132
45,145
45,142
50,94
50,142
50,133
50,116
50,91
50,109
50,98
50,115
50,142
50,88
55,123
55,130
55,97
55,96
55,128
55,96
55,120
55,95
55,89
55,124
60,80
60,125
60,99
60,105
60,83
60,115
60,84
60,127
60,94
60,83
65,109
65,110
65,83
65,89
65,112
65,116
65,102
65,90
65,131
65,116
70,75
70,90
70,110
70,120
70,82
70,95
70,80
70,78
70,121
70,100
20,-50
20,470
25,-52
25,466
30,-55
30,462
20, 
20,200
25,195
30,190
